15
1   L3 2 0 1        1.7  1.0755 -1.8758  0.1240
2   L3 2 0 1        1.7  0.6428 -0.9211  0.1361
3   L3 2 0 1        1.7  0.6198 -1.3362  0.1276
4   L3 2 0 1        1.7  0.6835 -1.8967  0.1619
5   L3 2 0 1        1.7  0.9892 -0.6427  0.2050
6   L3 2 0 1        1.7  0.5784 -0.8181  0.1168
7   L3 2 0 1        1.7  0.9822 -0.9897  0.1053
8   L3 2 0 1        1.7  1.6026 -1.2382  0.1202
9   L3 2 0 1        1.7  0.8988 -0.5180  0.1320
10  L3 2 0 1        1.7  1.2525 -0.7164  0.1493
11  GR 4 0 1 2 3    1.7  1.1196 -2.1415  0.0382  0.6551
12  GR 4 0 1 2 3    1.7  1.2290 -1.7523 -1.0660  0.3533
13  GR 4 0 1 2 3    1.7  0.6405 -2.3126 -1.8816  0.7757
14  GR 4 0 1 2 3    1.7  1.1622 -1.9728 -0.2810  1.1387
15  GR 4 0 1 2 3    1.7  1.2249 -2.2207 -0.8252  0.9702
