15                                                                                               
1   L3 2 0 1        1.7  0.7444 -1.5617  0.1609
2   L3 2 0 1        1.7  0.5562 -0.1031  0.1753
3   L3 2 0 1        1.7  0.5262 -1.0676  0.1602
4   L3 2 0 1        1.7  0.6388 -1.3880  0.1676
5   L3 2 0 1        1.7  0.8793 -0.2051  0.1422
6   L3 2 0 1        1.7  0.4105  0.0555  0.2120
7   L3 2 0 1        1.7  0.7686 -0.3800  0.2090
8   L3 2 0 1        1.7  1.0539 -0.7570  0.1270              
9   L3 2 0 1        1.7  0.7400  0.0667  0.1543               
10  L3 2 0 1        1.7  0.7479  0.0281  0.1489               
11  GR 4 0 1 2 3    1.7  0.9171 -1.7786  0.7177  1.45011                       
12  GR 4 0 1 2 3    1.7  0.9751 -1.4115 -0.4946  1.15969                       
13  GR 4 0 1 2 3    1.7  0.5890 -1.8478 -1.4078  1.51339                       
14  GR 4 0 1 2 3    1.7  0.9804 -1.6151  0.3002  2.04728                       
15  GR 4 0 1 2 3    1.7  1.0117 -1.9355 -0.2267  1.88991                       
